,light,lat,long,accel_x,accel_y,accel_z,accuracy,elapsed,timestamp,geometry
0,0.0,50.38621,-4.148402,-1.632,3.7939999999999996,8.9934,12.0,15,2019-08-30 20:51:50:874,POINT (-4.148402 50.38621)
1,0.0,50.38615,-4.1483870000000005,-2.4471,3.5092,9.3123,11.0,1015,2019-08-30 20:51:51:874,POINT (-4.148387 50.38615)
2,0.0,50.386124,-4.148371,-2.0417,2.8881,10.2101,10.0,2015,2019-08-30 20:51:52:874,POINT (-4.148371 50.386124)
3,0.0,50.386115999999994,-4.148364,-2.1099,2.8385,7.8382,10.0,3015,2019-08-30 20:51:53:874,POINT (-4.148364 50.38611599999999)
4,0.0,50.3861,-4.148351,-5.457999999999999,2.3954,10.5338,10.0,4015,2019-08-30 20:51:54:874,POINT (-4.148351 50.3861)
5,0.0,50.386097,-4.148345,-10.6011,-6.8783,3.173,10.0,5015,2019-08-30 20:51:55:874,POINT (-4.148345 50.386097)
6,0.0,50.386086,-4.148343,0.2646,-8.2514,3.8839,10.0,6015,2019-08-30 20:51:56:874,POINT (-4.148343 50.386086)
7,0.0,50.38608,-4.148328,-3.0273,-10.8943,1.2901,9.0,7015,2019-08-30 20:51:57:874,POINT (-4.148328 50.38608)
8,0.0,50.38608,-4.148317,-4.1756,-19.6586,-15.2884,9.0,8016,2019-08-30 20:51:58:875,POINT (-4.148317 50.38608)
9,0.0,50.38608,-4.148301999999999,1.8734,-7.6132,1.3847,10.0,9016,2019-08-30 20:51:59:875,POINT (-4.148301999999999 50.38608)
10,0.0,50.386070000000004,-4.148292,-0.3738,-15.0672,-3.1278,10.0,10015,2019-08-30 20:52:00:874,POINT (-4.148292 50.38607)
11,0.0,50.386078000000005,-4.148275,-0.6425,-9.2323,-2.5754,9.0,11016,2019-08-30 20:52:01:875,POINT (-4.148275 50.386078)
12,0.0,50.386066,-4.148256,-0.4649,-7.531000000000001,-0.6403,9.0,12015,2019-08-30 20:52:02:874,POINT (-4.148256 50.386066)
13,0.0,50.386055,-4.148243,-0.7154,-5.1496,3.5109,9.0,13015,2019-08-30 20:52:03:874,POINT (-4.148243 50.386055)
14,0.0,50.386055,-4.148232,-4.6745,-19.0398,-13.0187,9.0,14015,2019-08-30 20:52:04:874,POINT (-4.148232 50.386055)
15,0.0,50.386055,-4.148216000000001,0.8962,-4.8009,1.8459999999999999,9.0,15016,2019-08-30 20:52:05:875,POINT (-4.148216000000001 50.386055)
16,0.0,50.386063,-4.148209,-4.1275,-14.6047,-1.5619999999999998,9.0,16015,2019-08-30 20:52:06:874,POINT (-4.148209 50.386063)
17,0.0,50.386066,-4.148186,-4.0214,-16.9281,-0.9082,9.0,17016,2019-08-30 20:52:07:875,POINT (-4.148186 50.386066)
18,0.0,50.386066,-4.1481699999999995,-2.2885,-9.1278,0.1726,9.0,18015,2019-08-30 20:52:08:874,POINT (-4.148169999999999 50.386066)
19,0.0,50.386063,-4.148153,0.2751,-8.2803,1.7298,9.0,19015,2019-08-30 20:52:09:874,POINT (-4.148153 50.386063)
